# AMReX N3 (MUSCL+SSPRK2+GS), Nx=400, t=0.1, CFL 0.1; source /tmp/bw_N3.csv
x rho u By p
0.00125 1 0 1 1
0.00625 1 0 1 1
0.01125 1 0 1 1
0.01625 1 0 1 1
0.02125 1 0 1 1
0.02625 1 0 1 1
0.03125 1 0 1 1
0.03625 1 0 1 1
0.04125 1 0 1 1
0.04625 1 0 1 1
0.05125 1 0 1 1
0.05625 1 0 1 1
0.06125 1 0 1 1
0.06625 1 0 1 1
0.07125 1 0 1 1
0.07625 1 0 1 1
0.08125 1 0 1 1
0.08625 1 0 1 1
0.09125 1 0 1 1
0.09625 1 0 1 1
0.10125 1 0 1 1
0.10625 1 0 1 1
0.11125 1 0 1 1
0.11625 1 0 1 1
0.12125 1 0 1 1
0.12625 1 0 1 1
0.13125 1 0 1 1
0.13625 1 0 1 1
0.14125 1 0 1 1
0.14625 1 0 1 1
0.15125 1 0 1 1
0.15625 1 0 1 1
0.16125 1 0 1 1
0.16625 1 0 1 1
0.17125 1 0 1 1
0.17625 1 0 1 1
0.18125 1 0 1 1
0.18625 1 0 1 1
0.19125 1 0 1 1
0.19625 1 0 1 1
0.20125 1 0 1 1
0.20625 1 0 1 1
0.21125 1 0 1 1
0.21625 1 0 1 1
0.22125 1 0 1 1
0.22625 1 0 1 1
0.23125 1 0 1 1
0.23625 1 0 1 1
0.24125 1 0 1 1
0.24625 1 0 1 1
0.25125 1 0 1 1
0.25625 1 0 1 1
0.26125 1 0 1 1
0.26625 1 0 1 1
0.27125 1 0 1 1
0.27625 1 0 1 1
0.28125 1 0 1 1
0.28625 1 0 1 1
0.29125 1 0 1 1
0.29625 1 0 1 1
0.30125 1 -9.38727e-10 1 1
0.30625 1 -4.35422e-09 1 1
0.31125 1 -6.55863e-09 1 1
0.31625 0.999998 3.54267e-06 0.999998 0.999996
0.32125 0.991769 0.0147745 0.990016 0.983621
0.32625 0.97581 0.0436179 0.970599 0.952225
0.33125 0.958673 0.0748491 0.949671 0.919075
0.33625 0.941349 0.106706 0.928424 0.886158
0.34125 0.924026 0.138855 0.907082 0.853844
0.34625 0.906772 0.171178 0.885723 0.822255
0.35125 0.889621 0.203614 0.864381 0.791444
0.35625 0.872593 0.236128 0.843076 0.761436
0.36125 0.855701 0.268697 0.821818 0.73224
0.36625 0.838953 0.301308 0.800611 0.703858
0.37125 0.822354 0.333949 0.779455 0.676282
0.37625 0.80591 0.366615 0.758348 0.649505
0.38125 0.789623 0.399297 0.737285 0.623519
0.38625 0.773501 0.431984 0.716267 0.598316
0.39125 0.757551 0.464657 0.695296 0.573896
0.39625 0.741789 0.497286 0.674379 0.550262
0.40125 0.726239 0.529817 0.653539 0.527434
0.40625 0.71098 0.56208 0.632872 0.505502
0.41125 0.696303 0.59344 0.612768 0.484848
0.41625 0.683174 0.62177 0.59458 0.46674
0.42125 0.67391 0.641882 0.58164 0.454167
0.42625 0.670862 0.647867 0.577783 0.450065
0.43125 0.672303 0.645721 0.579115 0.452005
0.43625 0.676963 0.635332 0.585926 0.458295
0.44125 0.678449 0.631466 0.588109 0.460311
0.44625 0.678511 0.632015 0.587829 0.460396
0.45125 0.677411 0.634342 0.586717 0.458908
0.45625 0.676505 0.636264 0.585335 0.457682
0.46125 0.676032 0.63716 0.5845 0.457046
0.46625 0.680838 0.634265 0.562584 0.464981
0.47125 0.815448 0.462544 -0.178128 0.707102
0.47625 0.762827 0.550941 -0.419493 0.617044
0.48125 0.724596 0.561677 -0.472685 0.557269
0.48625 0.700772 0.582339 -0.513221 0.521176
0.49125 0.696323 0.604427 -0.541579 0.515076
0.49625 0.699617 0.608257 -0.540674 0.520372
0.50125 0.694669 0.594002 -0.53121 0.513454
0.50625 0.692333 0.591483 -0.530795 0.510468
0.51125 0.696399 0.603122 -0.536116 0.517282
0.51625 0.695969 0.605587 -0.53751 0.51813
0.52125 0.690235 0.597599 -0.532787 0.512232
0.52625 0.688398 0.595729 -0.531633 0.511297
0.53125 0.690364 0.601284 -0.535637 0.516358
0.53625 0.689881 0.602805 -0.536604 0.518175
0.54125 0.688907 0.597428 -0.533356 0.514863
0.54625 0.690305 0.595596 -0.532432 0.513926
0.55125 0.681866 0.600248 -0.534793 0.516336
0.55625 0.589137 0.601939 -0.534893 0.517574
0.56125 0.382589 0.599747 -0.533437 0.516201
0.56625 0.22861 0.596849 -0.532381 0.514838
0.57125 0.227039 0.596126 -0.532238 0.515175
0.57625 0.230026 0.59804 -0.532341 0.515996
0.58125 0.233185 0.600826 -0.533986 0.517778
0.58625 0.234326 0.603555 -0.534606 0.517941
0.59125 0.235059 0.602923 -0.534134 0.517717
0.59625 0.235755 0.598822 -0.532708 0.517155
0.60125 0.235702 0.597667 -0.530644 0.515208
0.60625 0.236187 0.594282 -0.531994 0.516789
0.61125 0.236171 0.600312 -0.531736 0.516305
0.61625 0.236385 0.602613 -0.532918 0.51801
0.62125 0.23662 0.598907 -0.535093 0.520881
0.62625 0.234724 0.613207 -0.529248 0.513507
0.63125 0.23667 0.581472 -0.537399 0.522456
0.63625 0.232364 0.621686 -0.525227 0.503785
0.64125 0.235427 0.543368 -0.561672 0.516491
0.64625 0.140291 -0.0121521 -0.841925 0.149875
0.65125 0.117232 -0.230159 -0.906812 0.0879834
0.65625 0.117181 -0.234208 -0.9047 0.0879054
0.66125 0.116812 -0.245505 -0.900185 0.0873525
0.66625 0.116579 -0.252241 -0.897287 0.0870021
0.67125 0.116623 -0.251167 -0.897841 0.0870676
0.67625 0.116876 -0.24335 -0.900984 0.0874444
0.68125 0.117266 -0.231702 -0.905828 0.088028
0.68625 0.117402 -0.22736 -0.907511 0.0882307
0.69125 0.117394 -0.228036 -0.907423 0.0882192
0.69625 0.117247 -0.231969 -0.905606 0.0879982
0.70125 0.11688 -0.243502 -0.901047 0.0874465
0.70625 0.11651 -0.254395 -0.896455 0.0868928
0.71125 0.116517 -0.254797 -0.896534 0.0869018
0.71625 0.116698 -0.248791 -0.898788 0.0871717
0.72125 0.11718 -0.23432 -0.904784 0.0878933
0.72625 0.11759 -0.221478 -0.909862 0.0885072
0.73125 0.117607 -0.221704 -0.910078 0.0885329
0.73625 0.117471 -0.225418 -0.908392 0.0883277
0.74125 0.116975 -0.240401 -0.902236 0.0875814
0.74625 0.116517 -0.254316 -0.896545 0.0868944
0.75125 0.116531 -0.253859 -0.896722 0.0869152
0.75625 0.11678 -0.246324 -0.899818 0.0872868
0.76125 0.11725 -0.232024 -0.90566 0.0879907
0.76625 0.117545 -0.223171 -0.909312 0.0884325
0.77125 0.117526 -0.223735 -0.909072 0.0884031
0.77625 0.11736 -0.228714 -0.907016 0.0881534
0.78125 0.117066 -0.237633 -0.903375 0.0877124
0.78625 0.116899 -0.242749 -0.901298 0.0874614
0.79125 0.116898 -0.242752 -0.901292 0.0874605
0.79625 0.116898 -0.242756 -0.901292 0.0874604
0.80125 0.116899 -0.242737 -0.901301 0.0874614
0.80625 0.116905 -0.242578 -0.901374 0.08747
0.81125 0.116945 -0.241321 -0.901878 0.0875306
0.81625 0.11708 -0.23721 -0.903553 0.0877328
0.82125 0.11736 -0.228695 -0.907023 0.0881526
0.82625 0.11781 -0.21502 -0.912593 0.0888299
0.83125 0.11842 -0.196533 -0.92012 0.0897517
0.83625 0.119155 -0.174294 -0.92917 0.0908701
0.84125 0.119977 -0.149536 -0.93924 0.0921275
0.84625 0.120851 -0.123302 -0.949906 0.0934741
0.85125 0.121752 -0.0963424 -0.960862 0.0948734
0.85625 0.122664 -0.0691676 -0.971903 0.0962996
0.86125 0.123571 -0.0422203 -0.98285 0.0977297
0.86625 0.124434 -0.0166928 -0.993219 0.0990987
0.87125 0.124988 -0.000354343 -0.999856 0.0999808
0.87625 0.125 1.78146e-10 -1 0.1
0.88125 0.125 1.51543e-10 -1 0.1
0.88625 0.125 8.29543e-11 -1 0.1
0.89125 0.125 1.09583e-11 -1 0.1
0.89625 0.125 0 -1 0.1
0.90125 0.125 0 -1 0.1
0.90625 0.125 0 -1 0.1
0.91125 0.125 0 -1 0.1
0.91625 0.125 0 -1 0.1
0.92125 0.125 0 -1 0.1
0.92625 0.125 0 -1 0.1
0.93125 0.125 0 -1 0.1
0.93625 0.125 0 -1 0.1
0.94125 0.125 0 -1 0.1
0.94625 0.125 0 -1 0.1
0.95125 0.125 0 -1 0.1
0.95625 0.125 0 -1 0.1
0.96125 0.125 0 -1 0.1
0.96625 0.125 0 -1 0.1
0.97125 0.125 0 -1 0.1
0.97625 0.125 0 -1 0.1
0.98125 0.125 0 -1 0.1
0.98625 0.125 0 -1 0.1
0.99125 0.125 0 -1 0.1
0.99625 0.125 0 -1 0.1
