# legacy_corrected Brio-Wu 400x8 structured, 400 bins, t=0.1, CFL 0.1; source benchmarks/raw/rp3_convergence/legacy_bw_400/brio_profile.csv
x rho u By p
0.00125 1 -1.90435e-15 1 1
0.00375 1 -5.93451e-15 1 1
0.00625 1 -1.25128e-14 1 1
0.00875 1 -2.06713e-14 1 1
0.01125 1 -2.92954e-14 1 1
0.01375 1 -3.81762e-14 1 1
0.01625 1 -4.73461e-14 1 1
0.01875 1 -5.64256e-14 1 1
0.02125 1 -6.51888e-14 1 1
0.02375 1 -7.44452e-14 1 1
0.02625 1 -8.27937e-14 1 1
0.02875 1 -9.06826e-14 1 1
0.03125 1 -9.89794e-14 1 1
0.03375 1 -1.07242e-13 1 1
0.03625 1 -1.14611e-13 1 1
0.03875 1 -1.22428e-13 1 1
0.04125 1 -1.31466e-13 1 1
0.04375 1 -1.4025e-13 1 1
0.04625 1 -1.45588e-13 1 1
0.04875 1 -1.48034e-13 1 1
0.05125 1 -1.508e-13 1 1
0.05375 1 -1.54263e-13 1 1
0.05625 1 -1.57378e-13 1 1
0.05875 1 -1.62582e-13 1 1
0.06125 1 -1.66584e-13 1 1
0.06375 1 -1.70859e-13 1 1
0.06625 1 -1.78036e-13 1 1
0.06875 1 -1.81415e-13 1 1
0.07125 1 -1.86838e-13 1 1
0.07375 1 -1.99413e-13 1 1
0.07625 1 -2.12144e-13 1 1
0.07875 1 -2.18696e-13 1 1
0.08125 1 -2.25528e-13 1 1
0.08375 1 -2.34591e-13 1 1
0.08625 1 -2.44388e-13 1 1
0.08875 1 -2.47051e-13 1 1
0.09125 1 -2.4625e-13 1 1
0.09375 1 -2.44077e-13 1 1
0.09625 1 -2.51302e-13 1 1
0.09875 1 -2.73377e-13 1 1
0.10125 1 -2.98394e-13 1 1
0.10375 1 -3.37652e-13 1 1
0.10625 1 -3.82708e-13 1 1
0.10875 1 -4.28726e-13 1 1
0.11125 1 -4.91085e-13 1 1
0.11375 1 -5.22298e-13 1 1
0.11625 1 -5.2943e-13 1 1
0.11875 1 -5.53143e-13 1 1
0.12125 1 -5.83272e-13 1 1
0.12375 1 -5.96137e-13 1 1
0.12625 1 -5.88586e-13 1 1
0.12875 1 -5.80872e-13 1 1
0.13125 1 -5.17931e-13 1 1
0.13375 1 -4.47244e-13 1 1
0.13625 1 -3.33761e-13 1 1
0.13875 1 -1.70855e-13 1 1
0.14125 1 -7.53151e-14 1 1
0.14375 1 -1.4165e-14 1 1
0.14625 1 3.6204e-14 1 1
0.14875 1 5.76153e-14 1 1
0.15125 1 9.09948e-14 1 1
0.15375 1 2.27632e-13 1 1
0.15625 1 3.27816e-13 1 1
0.15875 1 3.4986e-13 1 1
0.16125 1 3.94552e-13 1 1
0.16375 1 4.58961e-13 1 1
0.16625 1 4.70117e-13 1 1
0.16875 1 4.02239e-13 1 1
0.17125 1 3.98802e-13 1 1
0.17375 1 4.44131e-13 1 1
0.17625 1 3.9732e-13 1 1
0.17875 1 4.41198e-13 1 1
0.18125 1 6.28988e-13 1 1
0.18375 1 9.71343e-13 1 1
0.18625 1 1.90142e-12 1 1
0.18875 1 4.25025e-12 1 1
0.19125 1 9.86388e-12 1 1
0.19375 1 2.29816e-11 1 1
0.19625 1 5.28907e-11 1 1
0.19875 1 1.19936e-10 1 1
0.20125 1 2.68007e-10 1 1
0.20375 1 5.90067e-10 1 1
0.20625 1 1.28021e-09 1 1
0.20875 1 2.73667e-09 1 1
0.21125 1 5.76317e-09 1 1
0.21375 1 1.19548e-08 1 1
0.21625 1 2.44226e-08 1 1
0.21875 1 4.913e-08 1 1
0.22125 1 9.73063e-08 1 1
0.22375 1 1.89718e-07 1 1
0.22625 1 3.64063e-07 1 1
0.22875 1 6.87507e-07 1 1
0.23125 0.999999 1.27742e-06 0.999999 1
0.23375 0.999999 2.33495e-06 0.999998 0.999998
0.23625 0.999998 4.19787e-06 0.999997 0.999996
0.23875 0.999996 7.42189e-06 0.999995 0.99999
0.24125 0.999992 1.2902e-05 0.999991 0.999984
0.24375 0.999987 2.20484e-05 0.999985 0.999975
0.24625 0.999978 3.70339e-05 0.999975 0.999955
0.24875 0.999964 6.11289e-05 0.999958 0.999927
0.25125 0.999941 9.91394e-05 0.999933 0.999882
0.25375 0.999907 0.000157953 0.999892 0.999813
0.25625 0.999854 0.000247187 0.999831 0.99971
0.25875 0.999776 0.000379915 0.99974 0.999552
0.26125 0.999662 0.000573409 0.999608 0.999325
0.26375 0.9995 0.000849832 0.999418 0.998999
0.26625 0.999274 0.00123675 0.999152 0.998548
0.26875 0.998964 0.00176738 0.998787 0.997929
0.27125 0.998548 0.00248039 0.998295 0.997099
0.27375 0.998001 0.00341923 0.997647 0.99601
0.27625 0.997299 0.00463095 0.996808 0.994606
0.27875 0.996411 0.00616442 0.995745 0.992841
0.28125 0.995313 0.00806837 0.994422 0.990656
0.28375 0.993979 0.010389 0.992807 0.988008
0.28625 0.992388 0.013168 0.990868 0.984853
0.28875 0.990522 0.0164404 0.988581 0.98116
0.29125 0.988368 0.0202331 0.985924 0.976907
0.29375 0.985919 0.0245646 0.982885 0.972087
0.29625 0.983173 0.0294441 0.979456 0.966697
0.29875 0.980133 0.0348723 0.975635 0.960751
0.30125 0.976808 0.040842 0.971427 0.954268
0.30375 0.973208 0.0473397 0.966841 0.947276
0.30625 0.969347 0.0543467 0.961891 0.939808
0.30875 0.965241 0.0618405 0.956593 0.931899
0.31125 0.960905 0.0697965 0.950965 0.92359
0.31375 0.956358 0.078189 0.945027 0.914916
0.31625 0.951614 0.0869926 0.938798 0.905913
0.31875 0.94669 0.096183 0.932296 0.896615
0.32125 0.941597 0.105738 0.925538 0.887051
0.32375 0.936348 0.115639 0.918541 0.877251
0.32625 0.930953 0.125868 0.911319 0.867237
0.32875 0.925426 0.136402 0.90389 0.857037
0.33125 0.919781 0.147213 0.896276 0.846684
0.33375 0.914029 0.158275 0.888498 0.836202
0.33625 0.908181 0.169565 0.880575 0.825613
0.33875 0.902246 0.181063 0.872525 0.814936
0.34125 0.896232 0.192748 0.864364 0.804189
0.34375 0.890147 0.204603 0.856107 0.793389
0.34625 0.883999 0.21661 0.84777 0.78255
0.34875 0.877793 0.228755 0.839365 0.771689
0.35125 0.871536 0.241022 0.830906 0.760813
0.35375 0.865232 0.253399 0.822401 0.749936
0.35625 0.858887 0.265872 0.813864 0.739068
0.35875 0.852506 0.278431 0.805303 0.728217
0.36125 0.846094 0.291063 0.796727 0.717392
0.36375 0.839654 0.303758 0.788144 0.706604
0.36625 0.833192 0.316505 0.779565 0.695864
0.36875 0.826714 0.329293 0.770995 0.685174
0.37125 0.820223 0.34211 0.762444 0.67455
0.37375 0.813727 0.354945 0.753919 0.663998
0.37625 0.80723 0.367787 0.745429 0.653528
0.37875 0.800741 0.380619 0.736983 0.643154
0.38125 0.794267 0.393428 0.728591 0.632884
0.38375 0.787817 0.406195 0.720263 0.622736
0.38625 0.781404 0.418898 0.712014 0.612724
0.38875 0.775041 0.431512 0.703857 0.602871
0.39125 0.768745 0.444003 0.695814 0.593201
0.39375 0.76254 0.45633 0.687907 0.583745
0.39625 0.756455 0.468438 0.680169 0.574544
0.39875 0.750528 0.480255 0.672641 0.565651
0.40125 0.744811 0.491684 0.665379 0.557136
0.40375 0.739374 0.502595 0.658457 0.549098
0.40625 0.734309 0.512814 0.651976 0.541662
0.40875 0.729739 0.522109 0.646068 0.534993
0.41125 0.72582 0.530184 0.640904 0.52931
0.41375 0.722742 0.536678 0.636692 0.524873
0.41625 0.720714 0.541194 0.633661 0.521968
0.41875 0.719921 0.543372 0.632023 0.52086
0.42125 0.720468 0.542997 0.631909 0.521698
0.42375 0.722311 0.540133 0.633293 0.524423
0.42625 0.725217 0.535193 0.635949 0.528711
0.42875 0.728795 0.528893 0.639473 0.534003
0.43125 0.732592 0.522075 0.643372 0.539645
0.43375 0.736215 0.515489 0.647195 0.545054
0.43625 0.739412 0.509625 0.650628 0.549852
0.43875 0.74209 0.504686 0.653524 0.553896
0.44125 0.744268 0.500657 0.655868 0.557209
0.44375 0.746025 0.497409 0.657716 0.5599
0.44625 0.747452 0.494783 0.659155 0.562103
0.44875 0.748632 0.492623 0.660269 0.563941
0.45125 0.749637 0.490794 0.661136 0.565519
0.45375 0.750527 0.489176 0.661829 0.566933
0.45625 0.751355 0.487663 0.662407 0.568254
0.45875 0.752168 0.486156 0.662927 0.56956
0.46125 0.753016 0.484559 0.663428 0.570924
0.46375 0.753955 0.482772 0.663931 0.572434
0.46625 0.755057 0.480691 0.664411 0.574197
0.46875 0.756428 0.478193 0.664756 0.576383
0.47125 0.758253 0.4751 0.664686 0.579282
0.47375 0.760922 0.471026 0.663552 0.583513
0.47625 0.765536 0.464627 0.659388 0.590898
0.47875 0.776182 0.449782 0.642221 0.609472
0.48125 0.802514 0.407999 0.561915 0.671681
0.48375 0.831798 0.324266 0.303822 0.807232
0.48625 0.808562 0.238805 -0.170509 0.890108
0.48875 0.731854 0.224031 -0.633081 0.730454
0.49125 0.615703 0.278198 -0.849217 0.515144
0.49375 0.594623 0.31928 -0.844439 0.476926
0.49625 0.598278 0.323464 -0.823504 0.485548
0.49875 0.584968 0.319893 -0.858662 0.467278
0.50125 0.572375 0.345221 -0.852578 0.453227
0.50375 0.57262 0.36095 -0.830999 0.458261
0.50625 0.568238 0.367425 -0.835984 0.453736
0.50875 0.55835 0.390931 -0.834139 0.439821
0.51125 0.54923 0.413581 -0.8325 0.427501
0.51375 0.540012 0.436455 -0.830797 0.41534
0.51625 0.53739 0.449283 -0.826285 0.414568
0.51875 0.536544 0.461455 -0.817685 0.417385
0.52125 0.541569 0.461167 -0.808173 0.431067
0.52375 0.546474 0.463702 -0.793101 0.445203
0.52625 0.549823 0.455519 -0.791212 0.457514
0.52875 0.549388 0.456278 -0.784904 0.463455
0.53125 0.547612 0.454444 -0.78504 0.467199
0.53375 0.546581 0.459476 -0.778265 0.472701
0.53625 0.547349 0.46702 -0.767951 0.482317
0.53875 0.548271 0.478344 -0.754283 0.493311
0.54125 0.548468 0.492145 -0.739323 0.504249
0.54375 0.547519 0.507631 -0.724117 0.514456
0.54625 0.545154 0.523886 -0.709916 0.523392
0.54875 0.541274 0.54007 -0.697638 0.530681
0.55125 0.535994 0.555423 -0.687682 0.536262
0.55375 0.529573 0.569446 -0.679969 0.540387
0.55625 0.522296 0.581906 -0.674106 0.543463
0.55875 0.51437 0.592806 -0.669643 0.54588
0.56125 0.505898 0.602295 -0.6662 0.547906
0.56375 0.496895 0.610564 -0.66351 0.549691
0.56625 0.487325 0.61779 -0.66139 0.551307
0.56875 0.477134 0.624103 -0.659709 0.552792
0.57125 0.466259 0.629617 -0.658377 0.554171
0.57375 0.454641 0.634428 -0.657355 0.555441
0.57625 0.442244 0.638619 -0.656612 0.556587
0.57875 0.429075 0.642258 -0.656103 0.557602
0.58125 0.415191 0.645409 -0.655792 0.558487
0.58375 0.400701 0.648129 -0.655648 0.559247
0.58625 0.385761 0.650462 -0.65564 0.559887
0.58875 0.37057 0.652455 -0.655741 0.560419
0.59125 0.355358 0.654147 -0.655928 0.560857
0.59375 0.340376 0.655575 -0.656177 0.561213
0.59625 0.32588 0.656775 -0.656471 0.5615
0.59875 0.312117 0.657775 -0.656792 0.561731
0.60125 0.299313 0.658607 -0.657128 0.561918
0.60375 0.28766 0.659295 -0.657467 0.562074
0.60625 0.277305 0.659863 -0.657801 0.562209
0.60875 0.268342 0.660335 -0.658124 0.562331
0.61125 0.260809 0.660727 -0.658431 0.562448
0.61375 0.254685 0.661058 -0.65872 0.562568
0.61625 0.249896 0.661342 -0.658988 0.562697
0.61875 0.246327 0.661593 -0.659235 0.562839
0.62125 0.243826 0.661821 -0.659461 0.562999
0.62375 0.242227 0.662035 -0.659667 0.56318
0.62625 0.241356 0.662242 -0.659855 0.563384
0.62875 0.241047 0.662447 -0.660026 0.563616
0.63125 0.241151 0.662656 -0.660182 0.563873
0.63375 0.241537 0.662869 -0.660326 0.564155
0.63625 0.242102 0.663087 -0.660458 0.564463
0.63875 0.242764 0.66331 -0.660582 0.564792
0.64125 0.243462 0.663538 -0.6607 0.565142
0.64375 0.244156 0.663767 -0.660814 0.565508
0.64625 0.244819 0.663993 -0.660925 0.565888
0.64875 0.245435 0.664213 -0.661037 0.566277
0.65125 0.245997 0.664424 -0.661152 0.566669
0.65375 0.246502 0.664619 -0.661272 0.567061
0.65625 0.246951 0.664796 -0.661399 0.567449
0.65875 0.247346 0.664946 -0.661535 0.567825
0.66125 0.24769 0.665067 -0.661682 0.568185
0.66375 0.247987 0.665153 -0.661841 0.568528
0.66625 0.248238 0.665197 -0.662016 0.568844
0.66875 0.248446 0.665195 -0.662205 0.569132
0.67125 0.248612 0.665141 -0.66241 0.569385
0.67375 0.24874 0.665027 -0.662633 0.569601
0.67625 0.248829 0.664851 -0.662871 0.569774
0.67875 0.248883 0.664604 -0.663126 0.569899
0.68125 0.248904 0.66428 -0.663396 0.569973
0.68375 0.248893 0.663871 -0.663682 0.56999
0.68625 0.248854 0.663367 -0.66398 0.569944
0.68875 0.248791 0.66276 -0.664291 0.569827
0.69125 0.24871 0.662036 -0.664614 0.569631
0.69375 0.24862 0.661179 -0.664947 0.569348
0.69625 0.248535 0.660169 -0.665293 0.568958
0.69875 0.248473 0.658972 -0.665659 0.568433
0.70125 0.248448 0.657519 -0.666074 0.56772
0.70375 0.248451 0.655657 -0.666622 0.566684
0.70625 0.248412 0.65301 -0.667539 0.565
0.70875 0.248117 0.648613 -0.669426 0.56182
0.71125 0.24701 0.639719 -0.673869 0.554861
0.71375 0.243602 0.618941 -0.685619 0.537679
0.71625 0.234077 0.569411 -0.716066 0.493567
0.71875 0.211978 0.45822 -0.776179 0.397571
0.72125 0.177274 0.264392 -0.85263 0.262726
0.72375 0.145011 0.0522008 -0.911817 0.154297
0.72625 0.12774 -0.0845076 -0.938896 0.106936
0.72875 0.122835 -0.131938 -0.946352 0.0967345
0.73125 0.121957 -0.140777 -0.948022 0.0952464
0.73375 0.121852 -0.141237 -0.948653 0.0950786
0.73625 0.121873 -0.140256 -0.949137 0.0951103
0.73875 0.121912 -0.139014 -0.949609 0.0951716
0.74125 0.121954 -0.137704 -0.950088 0.0952359
0.74375 0.121994 -0.136362 -0.950575 0.095299
0.74625 0.122034 -0.134995 -0.95107 0.0953605
0.74875 0.122072 -0.133608 -0.951572 0.09542
0.75125 0.122109 -0.132201 -0.95208 0.0954781
0.75375 0.122146 -0.130776 -0.952594 0.0955348
0.75625 0.122183 -0.129332 -0.953115 0.095591
0.75875 0.122219 -0.127869 -0.953642 0.0956471
0.76125 0.122254 -0.126385 -0.954177 0.0957026
0.76375 0.12229 -0.124877 -0.95472 0.0957579
0.76625 0.122326 -0.123343 -0.955273 0.0958138
0.76875 0.122362 -0.121779 -0.955837 0.0958698
0.77125 0.122398 -0.120182 -0.956413 0.0959267
0.77375 0.122435 -0.118551 -0.957002 0.0959843
0.77625 0.122473 -0.116884 -0.957604 0.0960425
0.77875 0.122511 -0.115184 -0.958218 0.0961021
0.78125 0.12255 -0.113455 -0.958843 0.0961623
0.78375 0.122588 -0.111704 -0.959475 0.0962227
0.78625 0.122628 -0.109944 -0.960111 0.0962836
0.78875 0.122667 -0.10819 -0.960744 0.0963443
0.79125 0.122705 -0.106459 -0.961368 0.0964045
0.79375 0.122743 -0.104774 -0.961974 0.0964629
0.79625 0.122779 -0.103157 -0.962553 0.0965196
0.79875 0.122813 -0.101629 -0.963099 0.0965734
0.80125 0.122846 -0.100211 -0.963603 0.0966236
0.80375 0.122875 -0.0989152 -0.96406 0.0966704
0.80625 0.122903 -0.0977485 -0.964468 0.0967132
0.80875 0.122928 -0.0967064 -0.964829 0.0967523
0.81125 0.122951 -0.0957725 -0.965149 0.0967881
0.81375 0.122972 -0.0949168 -0.96544 0.0968212
0.81625 0.122993 -0.0940957 -0.965717 0.0968541
0.81875 0.123014 -0.0932533 -0.966003 0.0968873
0.82125 0.123038 -0.0923236 -0.966322 0.0969241
0.82375 0.123064 -0.0912342 -0.9667 0.0969656
0.82625 0.123096 -0.0899107 -0.967167 0.0970148
0.82875 0.123133 -0.0882825 -0.967747 0.0970743
0.83125 0.123179 -0.0862865 -0.968464 0.0971449
0.83375 0.123232 -0.0838735 -0.969338 0.0972288
0.83625 0.123295 -0.0810096 -0.97038 0.0973267
0.83875 0.123367 -0.0776813 -0.971594 0.0974395
0.84125 0.123448 -0.0738948 -0.972979 0.0975663
0.84375 0.123537 -0.0696769 -0.974524 0.0977065
0.84625 0.123635 -0.0650728 -0.976212 0.0978586
0.84875 0.123739 -0.0601449 -0.978019 0.098021
0.85125 0.123848 -0.0549689 -0.979918 0.0981909
0.85375 0.12396 -0.0496297 -0.981876 0.0983661
0.85625 0.124074 -0.0442185 -0.983859 0.0985434
0.85875 0.124187 -0.0388279 -0.985835 0.0987204
0.86125 0.124298 -0.0335483 -0.987768 0.0988938
0.86375 0.124404 -0.0284641 -0.989628 0.0990609
0.86625 0.124505 -0.0236507 -0.991388 0.0992192
0.86875 0.124599 -0.0191719 -0.993024 0.0993667
0.87125 0.124685 -0.0150776 -0.994518 0.099502
0.87375 0.124763 -0.0114032 -0.995858 0.0996239
0.87625 0.124831 -0.00816862 -0.997036 0.0997316
0.87875 0.124889 -0.00537941 -0.998051 0.0998243
0.88125 0.124938 -0.00302751 -0.998906 0.0999025
0.88375 0.124979 -0.00109334 -0.999609 0.0999672
0.88625 0.125011 0.000452119 -1.00017 0.10002
0.88875 0.125036 0.00164467 -1.0006 0.100059
0.89125 0.125055 0.00252447 -1.00092 0.100088
0.89375 0.125068 0.00313366 -1.00114 0.100108
0.89625 0.125075 0.00351427 -1.00128 0.100121
0.89875 0.125079 0.00370663 -1.00135 0.100128
0.90125 0.12508 0.00374814 -1.00136 0.100128
0.90375 0.125078 0.00367253 -1.00133 0.100126
0.90625 0.125075 0.00350945 -1.00127 0.10012
0.90875 0.12507 0.00328438 -1.00119 0.100113
0.91125 0.125064 0.00301876 -1.00109 0.100104
0.91375 0.125058 0.00273029 -1.00099 0.100094
0.91625 0.125052 0.00243318 -1.00088 0.100083
0.91875 0.125045 0.00213865 -1.00077 0.100074
0.92125 0.125039 0.00185518 -1.00067 0.100061
0.92375 0.125034 0.00158896 -1.00058 0.100054
0.92625 0.125028 0.00134417 -1.00049 0.100046
0.92875 0.125024 0.00112331 -1.00041 0.100038
0.93125 0.12502 0.00092748 -1.00034 0.10003
0.93375 0.125016 0.000756674 -1.00028 0.100023
0.93625 0.125013 0.000610005 -1.00022 0.100021
0.93875 0.12501 0.000485954 -1.00018 0.100017
0.94125 0.125008 0.000382559 -1.00014 0.100014
0.94375 0.125006 0.000297612 -1.00011 0.100011
0.94625 0.125005 0.000228799 -1.00008 0.100008
0.94875 0.125004 0.000173826 -1.00006 0.100006
0.95125 0.125003 0.000130506 -1.00005 0.100005
0.95375 0.125002 9.68298e-05 -1.00003 0.100004
0.95625 0.125002 7.09987e-05 -1.00003 0.100002
0.95875 0.125001 5.1447e-05 -1.00002 0.100003
0.96125 0.125001 3.68416e-05 -1.00001 0.100002
0.96375 0.125001 2.60728e-05 -1.00001 0.1
0.96625 0.125 1.82351e-05 -1.00001 0.100002
0.96875 0.125 1.26035e-05 -1 0.100002
0.97125 0.125 8.6087e-06 -1 0.100001
0.97375 0.125 5.81075e-06 -1 0.100002
0.97625 0.125 3.87581e-06 -1 0.100002
0.97875 0.125 2.55452e-06 -1 0.100001
0.98125 0.125 1.66359e-06 -1 0.1
0.98375 0.125 1.07043e-06 -1 0.1
0.98625 0.125 6.80542e-07 -1 0.1
0.98875 0.125 4.27612e-07 -1 0.1
0.99125 0.125 2.65825e-07 -1 0.1
0.99375 0.125 1.64004e-07 -1 0.1
0.99625 0.125 1.0169e-07 -1 0.1
0.99875 0.125 6.34991e-08 -1 0.1
