# independent Kurganov-Tadmor reference, Nx=6400, t=0.1, CFL 0.4; source benchmarks/raw/report_inputs/bw_kt_6400.csv
x rho u By p
7.8125e-05 1 0 1 1
0.00257813 1 0 1 1
0.00507813 1 0 1 1
0.00757812 1 0 1 1
0.0100781 1 0 1 1
0.0125781 1 0 1 1
0.0150781 1 0 1 1
0.0175781 1 0 1 1
0.0200781 1 0 1 1
0.0225781 1 0 1 1
0.0250781 1 0 1 1
0.0275781 1 0 1 1
0.0300781 1 0 1 1
0.0325781 1 0 1 1
0.0350781 1 0 1 1
0.0375781 1 0 1 1
0.0400781 1 0 1 1
0.0425781 1 0 1 1
0.0450781 1 0 1 1
0.0475781 1 0 1 1
0.0500781 1 0 1 1
0.0525781 1 0 1 1
0.0550781 1 0 1 1
0.0575781 1 0 1 1
0.0600781 1 0 1 1
0.0625781 1 0 1 1
0.0650781 1 0 1 1
0.0675781 1 0 1 1
0.0700781 1 0 1 1
0.0725781 1 0 1 1
0.0750781 1 0 1 1
0.0775781 1 0 1 1
0.0800781 1 0 1 1
0.0825781 1 0 1 1
0.0850781 1 0 1 1
0.0875781 1 0 1 1
0.0900781 1 0 1 1
0.0925781 1 0 1 1
0.0950781 1 0 1 1
0.0975781 1 0 1 1
0.100078 1 0 1 1
0.102578 1 0 1 1
0.105078 1 0 1 1
0.107578 1 0 1 1
0.110078 1 0 1 1
0.112578 1 0 1 1
0.115078 1 0 1 1
0.117578 1 0 1 1
0.120078 1 0 1 1
0.122578 1 0 1 1
0.125078 1 0 1 1
0.127578 1 0 1 1
0.130078 1 0 1 1
0.132578 1 0 1 1
0.135078 1 0 1 1
0.137578 1 0 1 1
0.140078 1 0 1 1
0.142578 1 0 1 1
0.145078 1 0 1 1
0.147578 1 0 1 1
0.150078 1 0 1 1
0.152578 1 0 1 1
0.155078 1 0 1 1
0.157578 1 0 1 1
0.160078 1 0 1 1
0.162578 1 0 1 1
0.165078 1 0 1 1
0.167578 1 0 1 1
0.170078 1 0 1 1
0.172578 1 0 1 1
0.175078 1 0 1 1
0.177578 1 0 1 1
0.180078 1 0 1 1
0.182578 1 0 1 1
0.185078 1 0 1 1
0.187578 1 0 1 1
0.190078 1 0 1 1
0.192578 1 0 1 1
0.195078 1 0 1 1
0.197578 1 0 1 1
0.200078 1 0 1 1
0.202578 1 0 1 1
0.205078 1 0 1 1
0.207578 1 0 1 1
0.210078 1 0 1 1
0.212578 1 0 1 1
0.215078 1 0 1 1
0.217578 1 0 1 1
0.220078 1 0 1 1
0.222578 1 0 1 1
0.225078 1 0 1 1
0.227578 1 0 1 1
0.230078 1 0 1 1
0.232578 1 0 1 1
0.235078 1 0 1 1
0.237578 1 0 1 1
0.240078 1 0 1 1
0.242578 1 0 1 1
0.245078 1 0 1 1
0.247578 1 0 1 1
0.250078 1 0 1 1
0.252578 1 0 1 1
0.255078 1 0 1 1
0.257578 1 0 1 1
0.260078 1 0 1 1
0.262578 1 0 1 1
0.265078 1 0 1 1
0.267578 1 0 1 1
0.270078 1 0 1 1
0.272578 1 0 1 1
0.275078 1 0 1 1
0.277578 1 0 1 1
0.280078 1 0 1 1
0.282578 1 0 1 1
0.285078 1 0 1 1
0.287578 1 0 1 1
0.290078 1 0 1 1
0.292578 1 0 1 1
0.295078 1 0 1 1
0.297578 1 0 1 1
0.300078 1 0 1 1
0.302578 1 0 1 1
0.305078 1 0 1 1
0.307578 1 0 1 1
0.310078 1 0 1 1
0.312578 1 0 1 1
0.315078 1 0 1 1
0.317578 1 0 1 1
0.320078 1 0 1 1
0.322578 0.992364 0.0137123 0.990735 0.984786
0.325078 0.983286 0.0300826 0.979701 0.966851
0.327578 0.974198 0.046546 0.968633 0.949063
0.330078 0.965129 0.063053 0.957563 0.931474
0.332578 0.956088 0.0795858 0.946505 0.914105
0.335078 0.947081 0.0961358 0.935462 0.896962
0.337578 0.938109 0.112698 0.924437 0.880048
0.340078 0.929174 0.129271 0.913433 0.863365
0.342578 0.920279 0.14585 0.90245 0.846913
0.345078 0.911423 0.162436 0.891487 0.830691
0.347578 0.902606 0.179027 0.880547 0.814699
0.350078 0.893831 0.195623 0.869627 0.798934
0.352578 0.885096 0.212222 0.858728 0.783396
0.355078 0.876403 0.228824 0.84785 0.768082
0.357578 0.867751 0.245429 0.836993 0.752992
0.360078 0.859141 0.262037 0.826155 0.738123
0.362578 0.850573 0.278646 0.815336 0.723474
0.365078 0.842046 0.295258 0.804535 0.709042
0.367578 0.833562 0.31187 0.793753 0.694826
0.370078 0.82512 0.328485 0.782987 0.680824
0.372578 0.816721 0.3451 0.772237 0.667033
0.375078 0.808364 0.361717 0.761503 0.653452
0.377578 0.800049 0.378334 0.750782 0.640079
0.380078 0.791777 0.394953 0.740075 0.626911
0.382578 0.783547 0.411572 0.729379 0.613947
0.385078 0.77536 0.428193 0.718695 0.601184
0.387578 0.767216 0.444814 0.70802 0.58862
0.390078 0.759114 0.461436 0.697353 0.576255
0.392578 0.751055 0.478057 0.686693 0.564085
0.395078 0.74304 0.494679 0.676039 0.552109
0.397578 0.735068 0.511299 0.66539 0.540325
0.400078 0.72714 0.527918 0.654745 0.528732
0.402578 0.719256 0.544533 0.644102 0.517329
0.405078 0.711417 0.561144 0.63346 0.506115
0.407578 0.703623 0.577751 0.622818 0.495086
0.410078 0.695866 0.594371 0.612161 0.48423
0.412578 0.688103 0.611098 0.601428 0.473486
0.415078 0.68013 0.628376 0.590331 0.462577
0.417578 0.67495 0.639662 0.583075 0.455557
0.420078 0.676825 0.635568 0.585708 0.458092
0.422578 0.6767 0.635838 0.585534 0.457924
0.425078 0.676851 0.635509 0.585745 0.458128
0.427578 0.67696 0.635272 0.585898 0.458275
0.430078 0.676901 0.635402 0.585815 0.458195
0.432578 0.676909 0.635382 0.585829 0.458206
0.435078 0.677001 0.635182 0.585955 0.458331
0.437578 0.677026 0.635129 0.58599 0.458364
0.440078 0.677015 0.635152 0.585974 0.45835
0.442578 0.677031 0.635117 0.585998 0.458371
0.445078 0.677013 0.635156 0.585972 0.458348
0.447578 0.677027 0.635128 0.58599 0.458365
0.450078 0.677022 0.635136 0.585985 0.458359
0.452578 0.677028 0.635124 0.585992 0.458368
0.455078 0.677012 0.635159 0.58597 0.458346
0.457578 0.677015 0.635152 0.585975 0.45835
0.460078 0.677005 0.635174 0.58596 0.458336
0.462578 0.676994 0.635198 0.585942 0.458322
0.465078 0.676995 0.635196 0.585948 0.458322
0.467578 0.676993 0.635203 0.585938 0.45832
0.470078 0.731596 0.584029 0.487598 0.53462
0.472578 0.751723 0.543765 -0.431825 0.59548
0.475078 0.751534 0.543109 -0.431514 0.59518
0.477578 0.744831 0.549899 -0.446344 0.584614
0.480078 0.730676 0.564562 -0.47599 0.562603
0.482578 0.715386 0.580578 -0.505517 0.539306
0.485078 0.700066 0.596819 -0.532892 0.516456
0.487578 0.69771 0.59934 -0.536932 0.512982
0.490078 0.698794 0.598165 -0.535071 0.514576
0.492578 0.699099 0.597832 -0.534542 0.515025
0.495078 0.699198 0.597728 -0.534369 0.515168
0.497578 0.699234 0.597689 -0.534312 0.515216
0.500078 0.69924 0.597681 -0.534299 0.515225
0.502578 0.699257 0.597667 -0.534277 0.515241
0.505078 0.699261 0.597661 -0.534254 0.515253
0.507578 0.699257 0.597665 -0.53426 0.515244
0.510078 0.699257 0.597667 -0.534259 0.515241
0.512578 0.699272 0.597656 -0.534254 0.515255
0.515078 0.699273 0.597654 -0.534248 0.515255
0.517578 0.699278 0.597651 -0.534242 0.515256
0.520078 0.69929 0.597655 -0.534245 0.515254
0.522578 0.699298 0.597654 -0.534239 0.515255
0.525078 0.699309 0.597654 -0.534238 0.515253
0.527578 0.699319 0.597654 -0.534237 0.515253
0.530078 0.699356 0.597652 -0.534241 0.515257
0.532578 0.699322 0.597655 -0.534235 0.515256
0.535078 0.699332 0.597653 -0.534238 0.515253
0.537578 0.699335 0.597657 -0.534239 0.515251
0.540078 0.699357 0.597656 -0.534237 0.515252
0.542578 0.699364 0.59765 -0.534244 0.515253
0.545078 0.699347 0.597659 -0.534239 0.515247
0.547578 0.69931 0.59765 -0.534242 0.515254
0.550078 0.699227 0.597659 -0.534238 0.515246
0.552578 0.698576 0.59766 -0.534243 0.515241
0.555078 0.696514 0.597639 -0.534253 0.515261
0.557578 0.690846 0.597692 -0.534223 0.515215
0.560078 0.377175 0.597649 -0.534248 0.515248
0.562578 0.233404 0.597656 -0.534247 0.515246
0.565078 0.235253 0.597654 -0.534254 0.51524
0.567578 0.235469 0.597656 -0.53425 0.515245
0.570078 0.234908 0.59766 -0.53425 0.515248
0.572578 0.234962 0.597638 -0.534248 0.515238
0.575078 0.235 0.597653 -0.534247 0.515244
0.577578 0.235034 0.597643 -0.534244 0.515241
0.580078 0.235114 0.597661 -0.534247 0.515249
0.582578 0.23519 0.597667 -0.53425 0.515251
0.585078 0.235212 0.597642 -0.534264 0.515233
0.587578 0.235229 0.597657 -0.534242 0.515247
0.590078 0.235239 0.597649 -0.534255 0.515239
0.592578 0.23524 0.597654 -0.534252 0.515241
0.595078 0.235239 0.597636 -0.534267 0.515229
0.597578 0.235248 0.597646 -0.53426 0.515239
0.600078 0.235268 0.597653 -0.534261 0.515244
0.602578 0.235267 0.597636 -0.534258 0.515239
0.605078 0.235272 0.597634 -0.534266 0.515234
0.607578 0.235275 0.597629 -0.534262 0.515228
0.610078 0.23528 0.597649 -0.534256 0.515239
0.612578 0.235276 0.597633 -0.534253 0.515233
0.615078 0.235281 0.597644 -0.534266 0.515237
0.617578 0.235279 0.597634 -0.534262 0.515235
0.620078 0.235284 0.597625 -0.534269 0.515227
0.622578 0.235284 0.597641 -0.534265 0.515229
0.625078 0.235285 0.597637 -0.534252 0.515226
0.627578 0.235282 0.597643 -0.53426 0.515231
0.630078 0.235288 0.597648 -0.534242 0.515246
0.632578 0.235278 0.597621 -0.53427 0.51523
0.635078 0.235278 0.597638 -0.534264 0.515236
0.637578 0.235279 0.597625 -0.534264 0.515221
0.640078 0.235273 0.597757 -0.534219 0.515195
0.642578 0.234712 0.590051 -0.541054 0.511238
0.645078 0.116965 -0.240733 -0.902121 0.0875569
0.647578 0.116965 -0.240722 -0.902125 0.0875575
0.650078 0.116965 -0.240723 -0.902125 0.0875574
0.652578 0.116965 -0.240729 -0.902122 0.0875571
0.655078 0.116965 -0.240734 -0.902121 0.0875567
0.657578 0.116965 -0.240713 -0.902129 0.0875579
0.660078 0.116965 -0.240716 -0.902128 0.0875576
0.662578 0.116965 -0.240716 -0.902128 0.0875576
0.665078 0.116965 -0.240723 -0.902125 0.0875573
0.667578 0.116965 -0.240723 -0.902125 0.0875573
0.670078 0.116965 -0.24073 -0.902122 0.0875568
0.672578 0.116965 -0.240725 -0.902124 0.0875571
0.675078 0.116965 -0.240713 -0.902129 0.0875578
0.677578 0.116965 -0.240717 -0.902128 0.0875575
0.680078 0.116965 -0.240732 -0.902121 0.0875567
0.682578 0.116965 -0.240727 -0.902124 0.087557
0.685078 0.116965 -0.240713 -0.902129 0.0875576
0.687578 0.116965 -0.240716 -0.902128 0.0875575
0.690078 0.116966 -0.240703 -0.902133 0.0875581
0.692578 0.116965 -0.240722 -0.902126 0.0875572
0.695078 0.116965 -0.240722 -0.902126 0.0875572
0.697578 0.116965 -0.240723 -0.902125 0.0875572
0.700078 0.116965 -0.240709 -0.902131 0.0875578
0.702578 0.116965 -0.240707 -0.902132 0.0875579
0.705078 0.116965 -0.240728 -0.902124 0.0875568
0.707578 0.116965 -0.240725 -0.902124 0.087557
0.710078 0.116965 -0.240727 -0.902124 0.087557
0.712578 0.116965 -0.240707 -0.902132 0.0875579
0.715078 0.116966 -0.240699 -0.902135 0.0875583
0.717578 0.116965 -0.240716 -0.902128 0.0875574
0.720078 0.116965 -0.240718 -0.902127 0.0875573
0.722578 0.116965 -0.240715 -0.902129 0.0875575
0.725078 0.116965 -0.240721 -0.902126 0.0875572
0.727578 0.116965 -0.24073 -0.902123 0.0875567
0.730078 0.116964 -0.240735 -0.902121 0.0875565
0.732578 0.116965 -0.240728 -0.902123 0.0875568
0.735078 0.116964 -0.240752 -0.902114 0.0875556
0.737578 0.116965 -0.240721 -0.902127 0.0875572
0.740078 0.116966 -0.240696 -0.902137 0.0875584
0.742578 0.116967 -0.240651 -0.902155 0.0875606
0.745078 0.116965 -0.240718 -0.902128 0.0875573
0.747578 0.116966 -0.240701 -0.902134 0.0875582
0.750078 0.116965 -0.240706 -0.902133 0.0875579
0.752578 0.116967 -0.240647 -0.902156 0.0875608
0.755078 0.116965 -0.240715 -0.902129 0.0875575
0.757578 0.116965 -0.240706 -0.902133 0.0875579
0.760078 0.116966 -0.240694 -0.902137 0.0875585
0.762578 0.116966 -0.240689 -0.90214 0.0875588
0.765078 0.116965 -0.240716 -0.902128 0.0875574
0.767578 0.116966 -0.240674 -0.902146 0.0875595
0.770078 0.116968 -0.240629 -0.902164 0.0875617
0.772578 0.116968 -0.240623 -0.902166 0.087562
0.775078 0.116967 -0.240651 -0.902155 0.0875606
0.777578 0.116967 -0.240643 -0.902158 0.087561
0.780078 0.116965 -0.240703 -0.902134 0.087558
0.782578 0.116966 -0.240695 -0.902137 0.0875584
0.785078 0.11697 -0.240561 -0.902192 0.087565
0.787578 0.116966 -0.240674 -0.902146 0.0875595
0.790078 0.116967 -0.24066 -0.902151 0.0875601
0.792578 0.116973 -0.240465 -0.902231 0.0875697
0.795078 0.116966 -0.240685 -0.902141 0.0875589
0.797578 0.116973 -0.240488 -0.902221 0.0875686
0.800078 0.116972 -0.240496 -0.902218 0.0875682
0.802578 0.116982 -0.24019 -0.902343 0.0875833
0.805078 0.116975 -0.240414 -0.902252 0.0875722
0.807578 0.116985 -0.240118 -0.902372 0.0875868
0.810078 0.116987 -0.240044 -0.902402 0.0875904
0.812578 0.116977 -0.240367 -0.902271 0.0875746
0.815078 0.117012 -0.239288 -0.90271 0.0876276
0.817578 0.116981 -0.24023 -0.902327 0.0875813
0.820078 0.116989 -0.239981 -0.902428 0.0875936
0.822578 0.117063 -0.237732 -0.903344 0.0877041
0.825078 0.117107 -0.236401 -0.903887 0.0877696
0.827578 0.117232 -0.232583 -0.905442 0.0879578
0.830078 0.116811 -0.245425 -0.900211 0.0873264
0.832578 0.117072 -0.237447 -0.903461 0.0877181
0.835078 0.11772 -0.217749 -0.911485 0.0886915
0.837578 0.118293 -0.200381 -0.918557 0.0895565
0.840078 0.118833 -0.184027 -0.925212 0.0903767
0.842578 0.119372 -0.167761 -0.93183 0.0911981
0.845078 0.119913 -0.151474 -0.938454 0.0920261
0.847578 0.120455 -0.135167 -0.945084 0.0928608
0.850078 0.120999 -0.118868 -0.95171 0.0937008
0.852578 0.121543 -0.1026 -0.958321 0.0945448
0.855078 0.122086 -0.0863813 -0.964912 0.0953919
0.857578 0.122628 -0.0702212 -0.971477 0.0962416
0.860078 0.12317 -0.0541288 -0.978014 0.0970934
0.862578 0.12371 -0.0381112 -0.98452 0.0979468
0.865078 0.124249 -0.0221741 -0.990994 0.0988015
0.867578 0.124785 -0.00633335 -0.997428 0.0996566
0.870078 0.125 0 -1 0.1
0.872578 0.125 0 -1 0.1
0.875078 0.125 0 -1 0.1
0.877578 0.125 0 -1 0.1
0.880078 0.125 0 -1 0.1
0.882578 0.125 0 -1 0.1
0.885078 0.125 0 -1 0.1
0.887578 0.125 0 -1 0.1
0.890078 0.125 0 -1 0.1
0.892578 0.125 0 -1 0.1
0.895078 0.125 0 -1 0.1
0.897578 0.125 0 -1 0.1
0.900078 0.125 0 -1 0.1
0.902578 0.125 0 -1 0.1
0.905078 0.125 0 -1 0.1
0.907578 0.125 0 -1 0.1
0.910078 0.125 0 -1 0.1
0.912578 0.125 0 -1 0.1
0.915078 0.125 0 -1 0.1
0.917578 0.125 0 -1 0.1
0.920078 0.125 0 -1 0.1
0.922578 0.125 0 -1 0.1
0.925078 0.125 0 -1 0.1
0.927578 0.125 0 -1 0.1
0.930078 0.125 0 -1 0.1
0.932578 0.125 0 -1 0.1
0.935078 0.125 0 -1 0.1
0.937578 0.125 0 -1 0.1
0.940078 0.125 0 -1 0.1
0.942578 0.125 0 -1 0.1
0.945078 0.125 0 -1 0.1
0.947578 0.125 0 -1 0.1
0.950078 0.125 0 -1 0.1
0.952578 0.125 0 -1 0.1
0.955078 0.125 0 -1 0.1
0.957578 0.125 0 -1 0.1
0.960078 0.125 0 -1 0.1
0.962578 0.125 0 -1 0.1
0.965078 0.125 0 -1 0.1
0.967578 0.125 0 -1 0.1
0.970078 0.125 0 -1 0.1
0.972578 0.125 0 -1 0.1
0.975078 0.125 0 -1 0.1
0.977578 0.125 0 -1 0.1
0.980078 0.125 0 -1 0.1
0.982578 0.125 0 -1 0.1
0.985078 0.125 0 -1 0.1
0.987578 0.125 0 -1 0.1
0.990078 0.125 0 -1 0.1
0.992578 0.125 0 -1 0.1
0.995078 0.125 0 -1 0.1
0.997578 0.125 0 -1 0.1
