# AMReX N0 (const+Euler+BS), Nx=400, t=0.1, CFL 0.1; source benchmarks/raw/report_inputs/bw_n0_400.csv
x rho u By p
0.00125 1 0 1 1
0.00625 1 0 1 1
0.01125 1 0 1 1
0.01625 1 0 1 1
0.02125 1 0 1 1
0.02625 1 0 1 1
0.03125 1 0 1 1
0.03625 1 0 1 1
0.04125 1 0 1 1
0.04625 1 0 1 1
0.05125 1 0 1 1
0.05625 1 0 1 1
0.06125 1 0 1 1
0.06625 1 0 1 1
0.07125 1 0 1 1
0.07625 1 0 1 1
0.08125 1 0 1 1
0.08625 1 0 1 1
0.09125 1 0 1 1
0.09625 1 0 1 1
0.10125 1 0 1 1
0.10625 1 0 1 1
0.11125 1 0 1 1
0.11625 1 0 1 1
0.12125 1 0 1 1
0.12625 1 0 1 1
0.13125 1 0 1 1
0.13625 1 2.78256e-17 1 1
0.14125 1 1.27639e-15 1 1
0.14625 1 5.89209e-15 1 1
0.15125 1 2.5068e-14 1 1
0.15625 1 1.04177e-13 1 1
0.16125 1 4.25808e-13 1 1
0.16625 1 1.69076e-12 1 1
0.17125 1 6.50265e-12 1 1
0.17625 1 2.42033e-11 1 1
0.18125 1 8.7147e-11 1 1
0.18625 1 3.03412e-10 1 1
0.19125 1 1.02096e-09 1 1
0.19625 1 3.31866e-09 1 1
0.20125 1 1.04155e-08 1 1
0.20625 1 3.15448e-08 1 1
0.21125 1 9.21462e-08 1 1
0.21625 1 2.59469e-07 1 1
0.22125 1 7.03887e-07 1 0.999999
0.22625 0.999999 1.83854e-06 0.999999 0.999998
0.23125 0.999997 4.62099e-06 0.999997 0.999995
0.23625 0.999994 1.1169e-05 0.999993 0.999987
0.24125 0.999985 2.59442e-05 0.999984 0.99997
0.24625 0.999968 5.788e-05 0.999965 0.999932
0.25125 0.999931 0.000123938 0.999924 0.999855
0.25625 0.999858 0.000254571 0.999843 0.999703
0.26125 0.99972 0.000501305 0.999689 0.999416
0.26625 0.999471 0.000946013 0.999409 0.998901
0.27125 0.999044 0.00171037 0.998927 0.998018
0.27625 0.998344 0.0029627 0.998132 0.996577
0.28125 0.997251 0.00491873 0.996883 0.994336
0.28625 0.995625 0.00783315 0.995011 0.991015
0.29125 0.993312 0.011981 0.992332 0.986318
0.29625 0.990164 0.0176315 0.988662 0.979968
0.30125 0.986056 0.0250194 0.983839 0.971737
0.30625 0.980894 0.0343213 0.977741 0.96148
0.31125 0.974629 0.0456408 0.970291 0.949145
0.31625 0.967255 0.0590054 0.961469 0.934774
0.32125 0.958808 0.0743744 0.951302 0.91849
0.32625 0.949352 0.0916516 0.939855 0.900479
0.33125 0.938977 0.110703 0.927224 0.880966
0.33625 0.927783 0.131371 0.913521 0.860194
0.34125 0.915875 0.153488 0.898862 0.838406
0.34625 0.903358 0.176888 0.883368 0.815838
0.35125 0.890331 0.201411 0.867152 0.792706
0.35625 0.876887 0.226905 0.85032 0.769207
0.36125 0.863111 0.253228 0.83297 0.745515
0.36625 0.849081 0.280252 0.81519 0.721787
0.37125 0.834871 0.307852 0.797064 0.698159
0.37625 0.820549 0.335909 0.778668 0.674754
0.38125 0.80618 0.364304 0.760079 0.651686
0.38625 0.791834 0.392912 0.741375 0.629063
0.39125 0.777582 0.421592 0.72264 0.606993
0.39625 0.763509 0.450178 0.703974 0.585593
0.40125 0.749714 0.478459 0.685504 0.564996
0.40625 0.736327 0.506165 0.667392 0.545368
0.41125 0.723514 0.532927 0.649861 0.526919
0.41625 0.7115 0.558252 0.633213 0.509921
0.42125 0.700574 0.581483 0.617854 0.494728
0.42625 0.691092 0.601808 0.604291 0.481763
0.43125 0.683437 0.618343 0.593087 0.471473
0.43625 0.677907 0.63037 0.584705 0.464184
0.44125 0.67456 0.637709 0.579275 0.459903
0.44625 0.673108 0.64098 0.576358 0.458187
0.45125 0.673158 0.641275 0.574686 0.458468
0.45625 0.676235 0.637755 0.568871 0.462687
0.46125 0.699797 0.612814 0.516008 0.497096
0.46625 0.781022 0.52437 0.243471 0.649662
0.47125 0.814279 0.471449 -0.135756 0.728825
0.47625 0.780887 0.499166 -0.320954 0.673796
0.48125 0.746862 0.533583 -0.412732 0.61845
0.48625 0.719619 0.561951 -0.470343 0.575764
0.49125 0.699588 0.583231 -0.506165 0.545519
0.49625 0.68695 0.596709 -0.525552 0.527347
0.50125 0.680434 0.603302 -0.533643 0.518948
0.50625 0.677553 0.605499 -0.53572 0.516437
0.51125 0.676003 0.605791 -0.535578 0.516368
0.51625 0.67445 0.605579 -0.534969 0.516919
0.52125 0.672181 0.605352 -0.534408 0.517483
0.52625 0.668393 0.605207 -0.533969 0.517946
0.53125 0.661513 0.605139 -0.533629 0.51832
0.53625 0.648673 0.605129 -0.533356 0.518633
0.54125 0.625813 0.605161 -0.533126 0.518905
0.54625 0.589091 0.605224 -0.532928 0.519148
0.55125 0.53742 0.605311 -0.532752 0.519365
0.55625 0.474524 0.60542 -0.532595 0.51956
0.56125 0.408503 0.605546 -0.532455 0.519734
0.56625 0.348665 0.605688 -0.532328 0.51989
0.57125 0.301685 0.605845 -0.532209 0.520034
0.57625 0.269626 0.606017 -0.532092 0.520172
0.58125 0.25057 0.606205 -0.531971 0.520312
0.58625 0.240715 0.606411 -0.531839 0.52046
0.59125 0.236332 0.606639 -0.531693 0.520622
0.59625 0.234726 0.606892 -0.531524 0.520803
0.60125 0.234333 0.607176 -0.531328 0.521009
0.60625 0.234392 0.607498 -0.531096 0.521247
0.61125 0.234591 0.607871 -0.530817 0.521527
0.61625 0.234824 0.608306 -0.530479 0.521858
0.62125 0.235059 0.608813 -0.530072 0.522248
0.62625 0.235283 0.609333 -0.529651 0.522637
0.63125 0.235401 0.609299 -0.529762 0.522467
0.63625 0.234732 0.604625 -0.534425 0.517722
0.64125 0.229028 0.571087 -0.566722 0.485087
0.64625 0.20164 0.414033 -0.68647 0.350283
0.65125 0.145407 0.0474158 -0.8463 0.143335
0.65625 0.120847 -0.189562 -0.898405 0.0916839
0.66125 0.11756 -0.22888 -0.904375 0.0883847
0.66625 0.117247 -0.232652 -0.904955 0.0881383
0.67125 0.117221 -0.232911 -0.905045 0.0881183
0.67625 0.117221 -0.23285 -0.905093 0.0881182
0.68125 0.117224 -0.232756 -0.905137 0.0881202
0.68625 0.117227 -0.232655 -0.905184 0.0881226
0.69125 0.117231 -0.232548 -0.905232 0.0881254
0.69625 0.117234 -0.232435 -0.905283 0.0881285
0.70125 0.117238 -0.232312 -0.905338 0.088132
0.70625 0.117242 -0.232179 -0.905397 0.088136
0.71125 0.117247 -0.23203 -0.905462 0.0881406
0.71625 0.117252 -0.231863 -0.905535 0.088146
0.72125 0.117258 -0.23167 -0.905619 0.0881523
0.72625 0.117266 -0.231443 -0.905718 0.0881598
0.73125 0.117275 -0.23117 -0.905835 0.088169
0.73625 0.117286 -0.230833 -0.90598 0.0881804
0.74125 0.117299 -0.230411 -0.906162 0.0881949
0.74625 0.117317 -0.22987 -0.906393 0.0882134
0.75125 0.11734 -0.229171 -0.906692 0.0882376
0.75625 0.117369 -0.228261 -0.907081 0.0882695
0.76125 0.117408 -0.227073 -0.907587 0.0883117
0.76625 0.117459 -0.225529 -0.908243 0.0883677
0.77125 0.117524 -0.22354 -0.909086 0.0884413
0.77625 0.117607 -0.221009 -0.910156 0.0885373
0.78125 0.11771 -0.217838 -0.911492 0.0886605
0.78625 0.117839 -0.213932 -0.913133 0.0888162
0.79125 0.117994 -0.209208 -0.915111 0.0890091
0.79625 0.118178 -0.203606 -0.917449 0.0892435
0.80125 0.118393 -0.197088 -0.920163 0.0895226
0.80625 0.118638 -0.189647 -0.923251 0.0898483
0.81125 0.118913 -0.181308 -0.926703 0.0902211
0.81625 0.119217 -0.172127 -0.930493 0.09064
0.82125 0.119546 -0.162191 -0.934584 0.0911023
0.82625 0.119898 -0.151609 -0.938931 0.0916041
0.83125 0.120267 -0.140515 -0.943478 0.0921401
0.83625 0.120649 -0.129054 -0.948165 0.0927039
0.84125 0.121038 -0.117387 -0.952925 0.0932886
0.84625 0.12143 -0.105677 -0.957692 0.0938862
0.85125 0.121818 -0.094091 -0.962398 0.0944885
0.85625 0.122198 -0.0827905 -0.966977 0.0950872
0.86125 0.122563 -0.0719303 -0.971367 0.0956737
0.86625 0.12291 -0.0616517 -0.975512 0.0962397
0.87125 0.123233 -0.0520785 -0.979361 0.0967774
0.87625 0.123529 -0.0433123 -0.982877 0.0972799
0.88125 0.123796 -0.0354283 -0.98603 0.0977413
0.88625 0.124032 -0.0284718 -0.988803 0.0981568
0.89125 0.124236 -0.0224573 -0.991193 0.0985236
0.89625 0.124409 -0.0173676 -0.993208 0.0988405
0.90125 0.124552 -0.013157 -0.99487 0.0991081
0.90625 0.124667 -0.00975529 -0.996208 0.0993286
0.91125 0.124759 -0.007074 -0.997259 0.0995058
0.91625 0.124829 -0.00501371 -0.998063 0.0996446
0.92125 0.124881 -0.00347136 -0.998663 0.0997504
0.92625 0.12492 -0.00234702 -0.999099 0.0998289
0.93125 0.124947 -0.00154914 -0.999407 0.0998856
0.93625 0.124966 -0.000998028 -0.999619 0.0999253
0.94125 0.124979 -0.000627525 -0.999761 0.0999524
0.94625 0.124987 -0.000385075 -0.999854 0.0999705
0.95125 0.124992 -0.00023062 -0.999913 0.0999821
0.95625 0.124995 -0.00013481 -0.999949 0.0999894
0.96125 0.124997 -7.69238e-05 -0.999971 0.0999939
0.96625 0.124999 -4.2852e-05 -0.999984 0.0999966
0.97125 0.124999 -2.33084e-05 -0.999991 0.0999981
0.97625 0.125 -1.23807e-05 -0.999995 0.099999
0.98125 0.125 -6.4228e-06 -0.999998 0.0999995
0.98625 0.125 -3.25436e-06 -0.999999 0.0999997
0.99125 0.125 -1.61208e-06 -0.999999 0.0999999
0.99625 0.125 -8.08271e-07 -1 0.0999999
